$ 1 7.8125e-7 0.26073472713092677 50 5 50 5e-11
t 160 224 256 224 0 1 -2.281513322596095 0.7518344381775803 100 default
c 336 192 336 240 0 4.7000000000000004e-8 3.034105018866361 0.001
w 256 208 256 176 0
w 336 176 336 192 0
w 336 240 336 256 0
w 336 256 256 256 0
w 256 256 256 240 0
l 256 128 256 64 0 0.0000027 -0.4130711991290796 0
g 256 320 256 368 0 0
R 256 64 256 32 0 0 40 3 0 0 0.5
R 96 224 48 224 0 2 2000 2.5 2.5 0 0.5
r 96 224 160 224 0 1000
r 256 256 256 320 0 0.1
r 256 128 256 176 0 0.1
r 256 176 336 176 0 0.1
o 1 1 0 4098 10 0.0001 0 4 1 3 10 0 10 3
