$ 1 7.8125e-7 0.26073472713092677 50 5 50 5e-11
t 160 224 256 224 0 1 -8.576763347398481 -0.000038781275067839024 100 default
c 336 192 336 240 0 4.7000000000000004e-8 8.57668577617237 0.001
w 256 208 256 176 0
w 336 176 336 192 0
w 336 240 336 256 0
w 336 256 256 256 0
w 256 256 256 240 0
l 256 128 256 64 0 0.33 -0.00038789952776721863 0
g 256 320 256 368 0 0
R 256 64 256 32 0 0 40 3 0 0 0.5
R 96 224 48 224 0 2 2000 2.5 2.5 0 0.5
r 96 224 160 224 0 1000
r 256 256 256 320 0 0.1
r 256 128 256 176 0 235
r 256 176 336 176 0 0.1
r 656 192 768 192 0 0.1
r 656 112 656 160 0 235
r 576 240 576 304 0 0.1
r 416 208 480 208 0 1000
R 656 48 656 16 0 0 40 3 0 0 0.5
g 576 304 576 352 0 0
l 656 112 656 48 0 0.33 0 0
w 576 240 576 224 0
w 768 272 688 272 0
w 768 256 768 272 0
w 768 192 768 208 0
w 656 192 656 160 0
c 768 208 768 256 0 4.7000000000000004e-8 8.57668577617237 0.001
t 480 208 576 208 0 1 -8.576763347398481 -0.000038781275067839024 100 default
d 656 192 576 192 2 default
w 576 240 688 240 0
w 688 240 688 272 0
w 96 224 96 0 0
w 96 0 416 0 0
w 416 0 416 208 0
o 1 1 0 4098 10 0.0001 0 4 1 3 10 0 10 3
