$ 1 7.8125e-7 1.3241202019156522 50 5 50 5e-11
t 160 224 256 224 0 1 -7.794181240315688 -0.0003561731325751237 100 default
c 336 192 336 240 0 4.7000000000000004e-8 7.793468886157128 0.001
w 256 208 256 176 0
w 336 176 336 192 0
w 336 240 336 256 0
w 336 256 256 256 0
w 256 256 256 240 0
l 256 128 256 64 0 0.33 -0.003561810275620967 0
g 256 320 256 368 0 0
R 256 64 256 32 0 0 40 5 0 0 0.5
R 96 224 48 224 0 2 2000 2.5 2.5 0 0.5
r 96 224 160 224 0 1000
r 256 256 256 320 0 0.1
r 256 128 256 176 0 235
r 256 176 336 176 0 0.1
r 848 192 1024 192 0 100
r 784 64 784 112 0 235
r 592 336 592 400 0 0.1
r 416 208 480 208 0 1000
R 784 0 784 -32 0 0 40 5 0 0 0.5
g 592 400 592 448 0 0
l 784 64 784 0 0 0.1 -0.002878143968884975 0
w 592 336 592 320 0
w 1024 192 1024 208 0
w 784 192 784 144 2
c 1024 208 1024 256 0 1e-8 12.730295113529431 0.001
t 512 304 592 304 0 1 -12.782055476531594 0.008769521998912682 100 default
d 784 192 704 192 2 default
w 96 224 96 0 0
w 96 0 416 0 0
w 416 0 416 208 0
c 512 128 592 128 0 1.5e-10 -12.782063267577916 0.001
w 592 128 592 144 0
w 784 144 720 144 0
w 592 144 720 144 0
w 512 128 512 208 0
c 992 64 992 144 0 3.9000000000000005e-8 -7.790832789578122 0.001
w 512 208 480 208 0
w 992 144 848 144 0
w 848 144 848 192 0
w 784 192 848 192 0
w 784 112 784 144 0
w 992 64 992 0 0
w 992 0 784 0 0
r 928 256 1024 256 0 1
g 928 256 928 288 0 0
r 672 192 672 288 0 100
w 704 192 672 192 0
w 592 288 672 288 0
w 512 304 512 208 0
o 10 1 0 12290 13.744000855511098 0.0001 0 5 24 3 25 3 25 0 25 3
